id,sequence
0,HPHPPPPPPPPHPHP
1,PHHPPPPPPPHPPHP
2,PPPPPPPHPPPHHPH
3,HPPPHHPPPPPPPPH
4,PPPPPPPHPHHPHPP
5,HPHPHPPPPHPPPPP
6,HPHPPPHPPPPHPPP
7,PPPPPPHPHPPHPHP
8,PHHPPPPPHPPPHPP
9,HHPPHPPPPPPPPPH
10,PPPHHPHPHPPPPPP
11,HPPPPHPHPPPPPHP
12,PPHPPHPPPPPHHPP
13,HHPPPPPPPHHPPPP
14,PPPHPPHPHPPPHPP
15,PPHPPPPPHPHHPPP
16,HPPHPPPPPHPPPPH
17,PPPPPHPHPPHPPPH
18,PPPPPHPHPPPPHHP
19,PPPPPHPHPPPHHPP
20,PPHPPPPPPHPPHPH
21,PHPHPPPPHHPPPPP
22,PHPHPPPHPPPPPPH
23,PHPPHPHPPPPPPPH
24,PPHPHPPPPPHPHPP
25,PPPHPHPPPPHHPPP
26,PHHPPPHPPPPPPPH
27,HHPPPPPPHPPPPHP
28,PPHPPPPPPHPHPHP
29,PPPPPPPHPPHHPHP
30,PPPHPPPHHPPPPHP
31,PPPPPHPPHPHPPPH
32,PPHPPHHPPHPPPPP
33,PPHHPHPPPPPHPPP
34,PPPPPPHPPHPPPHH
35,PPPHHPPPPPHPPPH
36,PPHPHPPPPPHPPHP
37,PPPPHHPPPPPHPPH
38,PPPHPPHPHHPPPPP
39,HHPPPPPPPPHPPPH
40,HPPHHHPPPPPPPPP
41,HPHPHPPPPPHPPPP
42,PPHPPPPPPHHPPHP
43,HPPHPPPPPPHPPHP
44,PHPPPPHHPPPHPPP
45,PHPPHHPPPPPHPPP
46,PPPPHHPHPHPPPPP
47,HPHPHPPPPPPHPPP
48,PHPPHPPPHPHPPPP
49,HPPPPHHPPPPPPPH
50,HPPPHPHPPHPPPPP
51,PHHPPPHPPPPPPHP
52,PPPPHHPPPPPHPHP
53,HPPPHPPHPPPHPPP
54,HPPHPPPPPPHPHPP
55,PHPPPHPPPPPPPHH
56,PPPPPHHPPPPHHPP
57,PPPHHHPPPPPPPPH
58,PPHPHPPHPPHPPPP
59,PPPPHHPHPPHPPPP
60,HHPPPHPPPPPPPPH
61,PPPHHHPPPPPPPHP
62,PPHPPHPPPPPHPHP
63,PPPHPPPPPPHPHHP
64,PHPPPPPPHHPPHPP
65,PPPPPHPPHHHPPPP
66,PHPPHHPPPHPPPPP
67,PPPPHHHPHPPPPPP
68,PHPHPPPPPHHPPPP
69,PPPHPPHPPPHPPHP
70,PPHPHPPPPHPPPPH
71,HPPPPPHPHPPHPPP
72,PHHPPPPPPPHPPPH
73,HPPHPPPPPPHPPPH
74,PHPPPHPHPPPPPPH
75,PPPHPPPPHHHPPPP
76,PHPPHPPPHHPPPPP
77,PPPPHPHPPPPHHPP
78,PHPPPPHPPHPPPHP
79,HPPPPPHPPHPPHPP
80,HPPPHPHPPPPPPPH
81,HPHPPHPPPPHPPPP
82,PPPPPHPHHPPHPPP
83,PHHPPPPPPPPPHHP
84,PPHPHPHHPPPPPPP
85,PPPPHPHPPHPPPPH
86,HPHPPPPHPPHPPPP
87,PPHPPPPPHPHPHPP
88,PPPPPHHPPPPHPPH
89,PPHPHHPPHPPPPPP
90,PPHHHPPPPPHPPPP
91,PPPPHPPHPHPPPHP
92,PPPPPHPPHHPPPPH
93,PPPHPPPHPHHPPPP
94,PPHPPPPPHPPHPHP
95,PPHPPPPPPPHHHPP
96,PPPPHPPPPHHPPPH
97,PHPPPPHHPPPPPHP
98,HPPHPPPPPPPPHHP
99,PPPPHPHPPHHPPPP
100,PPPHPPPPPHHHPPP
101,PPHPPPPPPPPPHHH
102,HPHPPPHPPHPPPPP
103,PPPPHHPPHPPHPPP
104,HPPPPPPPPPPPHHH
105,PHPHPHPPPPPPHPP
106,PPPPHPHPHHPPPPP
107,PPPHPHHPPPPHPPP
108,PPPHPHPPPPPHPHP
109,HHPPPPPPPHPPPHP
110,HPHPPPPPHHPPPPP
111,PPPPPPHHPHPHPPP
112,PPHPPHPPHPPPPPH
113,HPPPPPPPPHHPPHP
114,PPPPPHPPHPPHPPH
115,PHPPHPPPPHPHPPP
116,HPPPPPPHHHPPPPP
117,PPPPHHHPPHPPPPP
118,PHPPPPPPPHHPPPH
119,PPPHPPPPPPHHPHP
120,PPPPHPHPPPPPHPH
121,PPHHPPPHPPPPPPH
122,PPHPPPHPHPPHPPP
123,PPPPPHPHPHHPPPP
124,PPPHPPPPHPHHPPP
125,HHHPPPPPPPPPPHP
126,PPPPHPHPHPPPPPH
127,PPPPHPPPHPHPPPH
128,PPPPHPPPHHPPHPP
129,PPPPHPHPPPHPHPP
130,PPPHPHPPPHHPPPP
131,PPHHPPPHHPPPPPP
132,PPHHPPHPPPHPPPP
133,PPHPHPPPPPPHPHP
134,PHPPPPHPPPHPPHP
135,PPPPHPPPHPPPHHP
136,HPHHPPPPPPPPPPH
137,PHPHPPPPPPPHPPH
138,PHPPPPPHPHPHPPP
139,HHPPHPPPPPPPPHP
140,PPPHPPHPHPPHPPP
141,PHPPPPPHPPPPHHP
142,PHPPPPPPHHHPPPP
143,PPHPPPPPPPHHPHP
144,PPHPPPPPPPHPHHP
145,PPPHPPHPPPPHPHP
146,HPPPPPHHPPPPHPP
147,HHPPPPHPPPPPHPP
148,HPHPPPPPPHPPPPH
149,PPPHPPPHPPPHPHP
150,PHPPPHPPHPPPPPH
151,PPPPHPPPPHPPPHH
152,PPPPHHPPPHHPPPP
153,HPPHPHHPPPPPPPP
154,PPHHHPPPPHPPPPP
155,PPHPHPPPHPPPHPP
156,PHPHPPHPPPPPHPP
157,PPHHPPPPPHPPHPP
158,PPHPPPPPPPPHHHP
159,PHHPPPPPPPPHPHP
160,HPPPPHHPHPPPPPP
161,PHHHPPPPPPPPHPP
162,PPPHPPPHHHPPPPP
163,PPPHPPPPPHPPHHP
164,PHHPPHPPPPPPPPH
165,HPHPPPPPHPPPHPP
166,PPPPPPHPHHPPPHP
167,PHPPHPPPPPPHHPP
168,PHPPPHPPPPHPPHP
169,HPHHPPPPHPPPPPP
170,PPPHHPPPHPPPPPH
171,PPPHHPHPPPPPPPH
172,PPPPHPPPPHPHHPP
173,PHHPHPPPPPPPPPH
174,PPPPHPPHPPHPHPP
175,PPPHPHPHHPPPPPP
176,PPPPHPHPPPPPPHH
177,PPPPHHPPPPPHHPP
178,PPPPPPHHPHPPHPP
179,PHPPPPHHPPPPPPH
180,HHPPPPPPHPPPHPP
181,PPPPPPPHPHHHPPP
182,PHHPPPPPHPPPPHP
183,HPPHPPPPPPPPPHH
184,HHPPPPPPPPPHHPP
185,PPPPPPHPPHPHPPH
186,PPHPPHPPPPPPHPH
187,PPHPPPPHHHPPPPP
188,HPPPPPPHPHPPHPP
189,HPPHPHPPPPHPPPP
190,HPPPPPPPPHPHPPH
191,PPPPPPHHHHPPPPP
192,PPPPPHHPPHPPHPP
193,PPPPPHPHPHPPPPH
194,PHPPPPPPPPHPHHP
195,PHPPPHHPPPHPPPP
196,PPPHHPPPPPPPPHH
197,HPPPPPPHHPPHPPP
198,PPPPPHPHHPPPHPP
199,HPPPPPHPPPPHPPH
200,PPPPPHHHPPHPPPP
201,PPHPPPPPHPPHHPP
202,HHHPPPPPHPPPPPP
203,PPHPPPPHPHPPHPP
204,PPPPPHHPPPPPPHH
205,PPPPPPPHPHPHPPH
206,HPPPPPHPHPHPPPP
207,PHPPPPPPHPHPPHP
208,PPPPHPHPPHPPHPP
209,PPPHPHHPPHPPPPP
210,PPPPHPHPPHPPPHP
211,HHPPHPHPPPPPPPP
212,HPPPPHPPPPPPHPH
213,PHPPHPHPPPHPPPP
214,HPHPPPPPPPHHPPP
215,PPPHPPPPHHPPPPH
216,PPPPPPPHPPHHPPH
217,PPHHHPPPPPPPHPP
218,HPHPPPPPPHPHPPP
219,PHPHPPHPPHPPPPP
220,PPPHPPPHPPPHPPH
221,PPPPHPPPPHHHPPP
222,PHPHPPPPHPPPPHP
223,PHHPPHPPPPHPPPP
224,PPPPPPPPHHPHPPH
225,HPHPPPHPPPHPPPP
226,HHPPPPHPPPPHPPP
227,PPPPPHPPHHPPHPP
228,PPPHHPPPPPPHHPP
229,PPHPPPPHHPHPPPP
230,PHPPHPPHPHPPPPP
231,PPHHPHPPPHPPPPP
232,PHPPPHPPPHHPPPP
233,PPPPPPPPHPHHPPH
234,PPPPHPHHPPPHPPP
235,PHPHPPHPPPPPPPH
236,PPPPPPPPPHHHHPP
237,PPHPPPPHHPPPPPH
238,PPPPPPPPHHHPPPH
239,PPPHPPHHPPPPPHP
240,PHHHPPPHPPPPPPP
241,PPHHPPHPPPPPPHP
242,PPHHHPPPHPPPPPP
243,PHPPPPHPPHPHPPP
244,PPHHPPHPHPPPPPP
245,PHHPPPPHPPPHPPP
246,PPPPPHPPHPHPHPP
247,PPPHPHPPPPPPPHH
248,PPPPHHHPPPPPPPH
249,PPPPHHPPPPPPPHH
250,PHPHPPPPPPPPHHP
251,PHHPPPPPPHPPHPP
252,HPPHPPPHHPPPPPP
253,PPPHPPPHPPPPHPH
254,HPPPHHPPPPPHPPP
255,PHPHHPPPPPHPPPP
256,PPPHPHPHPPPHPPP
257,PHPHHPPPHPPPPPP
258,HHHPPPPPPPHPPPP
259,PHHPPHPHPPPPPPP
260,PHPPHPPPHPPPHPP
261,HHHPPPPHPPPPPPP
262,PPPPHPPPPPHPPHH
263,HPPPHPPPPHPPPPH
264,PPHPHPPPPHPPPHP
265,HPPHHPPPHPPPPPP
266,HPPPHPHPPPHPPPP
267,HHPPPPPPHPHPPPP
268,PPHPPPHPHPPPPHP
269,PPPHPPHPPHPPPHP
270,HPPPPPPPHPPHHPP
271,PPPPPHPPHPPPHHP
272,HPPPHPPPPHPPPHP
273,HHPHPPPPPPPHPPP
274,HPHPPHPPPPPHPPP
275,PPPHPHHPPPPPPHP
276,PPHHPPPPPPHPHPP
277,PHPPPHHPPPPHPPP
278,PPPPPHHPHPHPPPP
279,PHPPPPHHPPHPPPP
280,HPHPPPPPPPHPPHP
281,PPPHPHPPPPPPHPH
282,PHPPPPPHPHPPPPH
283,PPPPPPPHHPPPPHH
284,PPPHHPHPPPPPPHP
285,PPPHPPHPHPPPPPH
286,PHHPPPHPPPPPHPP
287,HHPHPPPPHPPPPPP
288,PPHHHHPPPPPPPPP
289,PHHPPHPPPPPHPPP
290,HPPPPPHPPPHHPPP
291,HPPPHPHPPPPPPHP
292,PPPPPPPHHHPPHPP
293,PPPPPPPHPHPPPHH
294,PPHPPPHPPPPPPHH
295,PPPPHPPPHHPPPHP
296,PHPPPHPHPPPPHPP
297,HHPPPPPPPPPPPHH
298,HPPHPPHPPPHPPPP
299,PPPPPHPHPPPHPHP
300,PHHPPPPPHPPHPPP
301,PPHPPPPHPPPPHPH
302,PPPPPPPPPPHHHPH
303,HPPPPPPHPPPPHPH
304,PHPPPHPPPPPHPPH
305,PPPPPHHPHPPPHPP
306,PPPPHPPPHPHPHPP
307,PPPHPPHPPPPHHPP
308,PPPPHPPHPPPHHPP
309,PPPPPHHHPPPPPHP
310,PPPPPPHHHPPPPPH
311,PPPHPPPPHPPPHPH
312,PPPHPHPPHPPPHPP
313,PHPHHPHPPPPPPPP
314,PPPPHPHHPPHPPPP
315,PHPPPPHPPHPPPPH
316,PPPPPHHPPPPPHHP
317,HPPPPPPHPHPPPPH
318,HHPPPPPPPHPPPPH
319,PHPPHHPHPPPPPPP
320,PPPPPHPHHPHPPPP
321,HHPPPPPHPPHPPPP
322,PHPPPPPPPHPPHHP
323,PPPPHPHHPPPPPPH
324,PHPPHPPHPPPHPPP
325,PHPPHPPHPPHPPPP
326,PPPPHPPHHHPPPPP
327,PPHPPPPPHHHPPPP
328,PPPPPPHPHPPHPPH
329,PPPPHHPHPPPPPHP
330,HPPPHPPPHPPHPPP
331,HPPPPHPPPHPHPPP
332,PPPPHHPPPHPHPPP
333,PPPPPHPPPPHPHPH
334,PPPPPPHPPPHHPHP
335,PPPPPPPHPPPHPHH
336,PPPPPPHHPPPHPHP
337,HHPPPPPPPPHPPHP
338,HPPPHPPHHPPPPPP
339,PPPPPPPPPHHHPPH
340,PPHHPHPPPPPPHPP
341,PPHPHPPHPPPPPHP
342,PHPHHPPPPPPHPPP
343,PHPPPPPHPPPHHPP
344,PHHPPPPHPHPPPPP
345,PHPPPHHPPHPPPPP
346,PHPPPHPPPPPHPHP
347,PHPPPPPPPHHHPPP
348,PPPHPHPHPPPPPPH
349,HPPHPPHPPHPPPPP
350,PPPPPPPPHPPHHHP
351,PHPPPPPPPPPHPHH
352,HPPPPHHPPPHPPPP
353,HPPPHPPPPPPPHHP
354,PHPHPPPPHPPPHPP
355,PHPHPPPPHPPHPPP
356,PPPHHPPPHHPPPPP
357,PPPPPPPHPHPPHHP
358,HPPPPPPHHPPPPPH
359,HPPPPHPHPPHPPPP
360,HPPHPPPPPHHPPPP
361,PHPPPHPPHPPPPHP
362,PPPHPPHPPPHPHPP
363,PPPHHPHPPPPPHPP
364,HPHPPPPHPPPPPHP
365,HPPPPPHHPPPPPPH
366,PHHPPPPPHHPPPPP
367,PHPPHPPPHPPPPPH
368,PPPPHPPPPPPHPHH
369,PPPHHHPPHPPPPPP
370,PPHPPHHHPPPPPPP
371,PHPPHPHPPHPPPPP
372,PPPPPHPPPPPHHPH
373,PPHPPHPPHPHPPPP
374,PPPPHPPPPHPHPHP
375,PPPPPHPPPPHHHPP
376,PPPHPPPPHPPHHPP
377,PPPPHPPPPPPPHHH
378,PPPPHPPHHPPPPPH
379,PPPHPPPHPHPPHPP
380,PPHPPPPHPHPPPPH
381,HPPPPPPHPPPHHPP
382,PPPPPHHPHPPHPPP
383,PHPHHPPPPPPPPHP
384,PPPHHPPPPPHPPHP
385,PPPPHPPHPPPHPPH
386,HPPPHPPPPPHPHPP
387,HPPPHPPPPPPPHPH
388,PPHPPPPPPHPPPHH
389,PPPPHPPPHPPHHPP
390,HPPPPPPHPHPPPHP
391,PPPPHPPPPPHHPPH
392,PPPPPPPHHHPHPPP
393,PPPPPPPPHHHPPHP
394,PPHHPPPPPPHHPPP
395,PHPPPPPPHHPPPPH
396,PHPHHHPPPPPPPPP
397,PPPPPHPPPHPHPPH
398,HPPPPPPPHHPPPHP
399,PPPPHPPHPHPPPPH
400,PPPHPPPPPHHPHPP
401,HPPHPPPPPPPHHPP
402,PPHPPPPHPPPHPPH
403,PHPPPHPPPPHPHPP
404,PHHPPHPPHPPPPPP
405,HPPPPPHPHPPPPHP
406,HPPPPPPHPPPPHHP
407,HPPPHPPHPPPPPHP
408,HPPPPPPPPPPHHHP
409,HPPPPPPHHPPPPHP
410,PPHPPPPHPPHPHPP
411,HPPHPPPPPHPPHPP
412,PPHPPPPHPPHHPPP
413,PPPHPPPHPHPHPPP
414,PHPPPPPPPHPHPPH
415,PPPHHHPHPPPPPPP
416,HPPHHPPPPPPPPPH
417,PPPPPPPPHHPPPHH
418,HPPPPPPPHHHPPPP
419,PPHPHPPPPPHHPPP
420,PPPPHHPPPHPPPPH
421,PPPHHPPPPPPPHHP
422,HHPPPPPHPPPPHPP
423,PPPHPHPHPPHPPPP
424,PPPPPPPHHPPPHHP
425,HPPPHPPPPHHPPPP
426,PPPPHHHHPPPPPPP
427,PPPPPPPHHPPHPHP
428,PPHHPHPPPPPPPHP
429,PPHHPPPPPPPHPHP
430,PPHHPPPPPPPHPPH
431,PPHHPHPPPPPPPPH
432,PHPHPPPPPPPPPHH
433,PPPPPPPHPPHHHPP
434,PPPHPPHHPPPPPPH
435,PPPPHPPPPPHHHPP
436,PPPHPHPPPPPPHHP
437,HPPHPPPHPPPPPHP
438,PHPPPPPPHPPPPHH
439,PPPHPPPPHHPPPHP
440,HHPPHPPHPPPPPPP
441,PHPPPPHPPPHHPPP
442,PPPPPHPPHHPHPPP
443,PPPPHPPPPHPHPPH
444,HPPHPPPHPPPPPPH
445,PPPHPHPPPHPPHPP
446,PPHPHPPHPPPPHPP
447,PPPHPPHPPHPPHPP
448,PPHHPHPHPPPPPPP
449,PPPPPHPPPHHPHPP
450,HPHPPPPHPPPPPPH
451,HPPPPPPPPHHPPPH
452,PPPHHPHPPPPHPPP
453,PHPPHPPPPHPPPPH
454,HHHPPPPPPHPPPPP
455,PHHPHPPPPHPPPPP
456,PPHHPPHHPPPPPPP
457,PPHPPPPPPHHPPPH
458,PPPPHHPHPPPHPPP
459,HPPPHPHPPPPPHPP
460,HPPPPPPPPPHPPHH
461,PPHPPPPHPPPPHHP
462,HHPPPPPHPPPPPHP
463,HPPHHPPPPPHPPPP
464,HPPPPPPPHPPPHPH
465,PPHHPPPPPPPHHPP
466,HPPPPPPPHPPHPHP
467,PPPHHPPPPPPHPPH
468,PHPHPPPPPHPHPPP
469,HPHPPPHPPPPPHPP
470,PHHPPHPPPPPPPHP
471,PHPPPHPPPPPPHHP
472,PPPPHPPHPPPHPHP
473,HPPHPPPPPPHHPPP
474,PPPHHPPPHPHPPPP
475,HPHPPPHPPPPPPPH
476,PPHPHPHPHPPPPPP
477,PPPHHPPPHPPPHPP
478,PPPPPPHPPPPHHHP
479,PHHPPPPHPPPPHPP
480,HPPPPPPPPHPPHPH
481,HHPPPHPPHPPPPPP
482,PPPHHHHPPPPPPPP
483,HHPPPPPPPPHHPPP
484,PHPPPPPPPHPPPHH
485,PHPPHPPHPPPPHPP
486,HPHPHPPPPPPPPPH
487,PPPPPHPPPHPPPHH
488,HPPPPHHPPPPPPHP
489,HPPHPPPPHPHPPPP
490,HPPPPPPHHPPPHPP
491,PPPHPPPPPHPHPHP
492,PPPPPPPHPHPHHPP
493,HHHPPPPPPPPHPPP
494,PPPPHHPPPPHHPPP
495,HHPPPPPHPPPPPPH
496,PPPHPHPHPPPPPHP
497,PPHPHHPPPPPPPHP
498,PHPHPHPPPPHPPPP
499,PPPPPPPPHHHHPPP
500,PPPPPPHHPHPPPPH
501,HPHPPPHPPPPPPHP
502,HPPPPHPPHPPPPPH
503,PPHHPPPPPHPPPPH
504,PPHPPHPHPPPPHPP
505,PPPPPHPPPPPPHHH
506,PPHPPPHHHPPPPPP
507,PPHHHPPPPPPPPPH
508,PPPHPPPPPPHPPHH
509,PPPHHPPPPHPPHPP
510,PPPPPHHPPPHPPPH
511,HPPHPPPPPPPPHPH
512,PHPPPPPHPPHPPPH
513,PPPPPPHHPPPHPPH
514,HPPPPHPHPPPPPPH
515,PHHPPPPPHPHPPPP
516,PHPPPPPPPPHPHPH
517,PPHPPHHPPPPPPPH
518,PHHPHPPPPPPPPHP
519,HHHHPPPPPPPPPPP
520,PPHPPPPPHPHPPHP
521,HHPPPPHPPPPPPPH
522,PPPPPPPHPPHPPHH
523,HPPPPPPPHHPHPPP
524,PPPPPPHHHPPPHPP
525,PPPPHPPPHHPHPPP
526,PPHHPPHPPPPPHPP
527,PHPHPPPPHPPPPPH
528,PPHHPPPPPPHPPPH
529,PHPPPPPHHPPPPHP
530,PPPHHPPHPPPPPPH
531,PPPHPHPPPHPPPPH
532,HPPPPPPHPPPHPPH
533,HPHPPPPPPPHPHPP
534,PPHHPPPPPPPPPHH
535,PPHPPHPPPHPPHPP
536,PPHPPHPPPPHHPPP
537,PPPHPPPHPHPPPHP
538,PPPPPPPHHHPPPHP
539,PPHPHHPHPPPPPPP
540,HHPHPPHPPPPPPPP
541,HPPPPPPPPHHPHPP
542,PPPHPPPHPPPPPHH
543,PHPPHPPPHPPHPPP
544,PPHPPPPPPHPHPPH
545,HPPHPPPPPHPHPPP
546,PHPPPPPHHPPPPPH
547,PPPPHHPPPHPPPHP
548,PPPPPHPPHPHHPPP
549,PPPHPPPPHHPHPPP
550,PPPPPHPPHHPPPHP
551,HPPPPHPPPPHPPHP
552,PPPPHPPHPPHPPHP
553,PPHPPHPPPPHPHPP
554,PPPHPHPPPPPHHPP
555,PHPPHPPPPHPPHPP
556,HPHPPHPPPPPPPHP
557,PPPPHPHPHPHPPPP
558,HPPPPPPHHPHPPPP
559,PHPHHPPHPPPPPPP
560,PHPPPHPPHPPPHPP
561,PPHPHHHPPPPPPPP
562,PPPPPPHPPHHPHPP
563,PPPHPPHPHPPPPHP
564,PHPPPPPPHHPPPHP
565,PHPPPPHHPPPPHPP
566,PPPPPHHHPPPPHPP
567,PPHHPPPHPPPHPPP
568,HPPPPPHPHPPPPPH
569,PHPPPPPPPHPHHPP
570,PPPPPPHHPPPHHPP
571,PPPPPPPHHHHPPPP
572,HPHHPPHPPPPPPPP
573,PPHPPPPPHPPHPPH
574,PPHHPPPPHPPPPPH
575,PPPPPHPPHPPHHPP
576,HPPHPPPHPPPHPPP
577,PPHPPPPHHPPPHPP
578,PHPPHPPPPPHHPPP
579,HPHPHPPHPPPPPPP
580,PPPPPPPPHPHPHPH
581,HPPPHPPPHPPPPPH
582,PPPPPHPPPHPPHPH
583,HPHPPHPPHPPPPPP
584,PHHPPPPPPPPPPHH
585,PPHPPPHPPPHHPPP
586,PPHPPPHHPPPPPHP
587,HPPPHPPPPPPHHPP
588,PHPPPPPPHPHPHPP
589,PPPPPPHPHHPHPPP
590,PPHPPHPPHHPPPPP
591,PHHPPPPPPHHPPPP
592,PPHPPPHHPPHPPPP
593,PPPHPPPPPPHPHPH
594,PPPPPHHPPPPPHPH
595,PHPPPHPPPHPPHPP
596,PPHPHHPPPPPPPPH
597,PHPPPPPHHPPHPPP
598,PHPPPHPHHPPPPPP
599,HPPHPPPPHHPPPPP
600,PHPHPPPPPHPPPHP
601,HPHPPPPPHPHPPPP
602,PPPHHPPPPPHPHPP
603,HPPPPPPHPPHHPPP
604,PPPHPPPPHPPPHHP
605,PPPHHPPPHPPHPPP
606,PPPPHPPPPHHPPHP
607,HPPPPPPHPHPHPPP
608,PHPPPHPPPHPPPPH
609,PPHPHPPHHPPPPPP
610,HPPPPPPPHPPPHHP
611,HPHPPPPHPPPPHPP
612,PPPPPPPHHPHPPHP
613,PHPPPPHPPHPPHPP
614,PHPPHPPPPPHPPPH
615,PPHPPHPHHPPPPPP
616,PHHPPHHPPPPPPPP
617,PPHPHHPPPPPHPPP
618,PPPPPHPPPHHHPPP
619,PPHPHPPPPPPPPHH
620,PPPPPPHPPPPHHPH
621,HHPPPPHPPHPPPPP
622,HPHHPPPHPPPPPPP
623,PPPPHHPPPPPPHHP
624,PPPHPPPHPPPHHPP
625,HPPPHPPHPPPPHPP
626,HPPHHPPHPPPPPPP
627,PHHPPPPPPHPPPPH
628,HPPPPPHPHPPPHPP
629,PPPHPPPPHPPHPHP
630,PPPPPHHPHHPPPPP
631,PPPPPPPPHHPPHPH
632,PPPPPPHPHPHPPPH
633,HPPPPHPPPHPPPHP
634,HPHPPPPHPPPHPPP
635,HPPHPPPPHPPHPPP
636,HHPPPHPPPPPPHPP
637,PHHHPHPPPPPPPPP
638,HHPPPPPPPHPHPPP
639,HPPHPPHPPPPPPPH
640,PPPPHPHHPPPPHPP
641,PPPPHPPHPPPPHHP
642,PHPPPPPPHPHHPPP
643,PPPHPPPPPHHPPHP
644,PHPHPPPHPHPPPPP
645,PPPPPHPPPPPHPHH
646,PHPPPPHPHPPHPPP
647,PPHHPPHPPPPHPPP
648,PPHPPPHPPHHPPPP
649,PPPPPPHPPHHPPHP
650,HPPPPHHPPPPPHPP
651,PHPPPPPHPPPHPHP
652,PPHPPHPHPPPHPPP
653,PPPPHPPPHPPHPHP
654,HHHPHPPPPPPPPPP
655,HPPPPHPHPPPPHPP
656,HPPPPHPPHHPPPPP
657,PPPHPPPHPPHPPHP
658,PPPHPHPPHPPPPPH
659,PPHPPPPPPPHPPHH
660,PPHPPHHPHPPPPPP
661,PPPHPPHPPPPPHPH
662,PHHPPPPPPPHHPPP
663,HHPPPPPHPPPHPPP
664,PPPHHHPPPPHPPPP
665,PHHPPPPPPPPHHPP
666,PPPPHHHPPPPPHPP
667,PPPPPHPPHPPPPHH
668,PPPPHPHPPPPPHHP
669,HHHPPPPPPPPPHPP
670,PHPPPPHHPHPPPPP
671,PHPHPPHPPPHPPPP
672,PPPPPPHPHPHPPHP
673,HPPPPHPPPPHPHPP
674,PPHPHPPHPPPPPPH
675,HPPPPHPPHPPPPHP
676,HPHPPPPPHPPPPHP
677,HPHPPPPPPPPHHPP
678,PPPPPHPPHPPPHPH
679,HPPHPPHPPPPPPHP
680,PHPPHHPPPPPPHPP
681,PPPPHPPHPHPPHPP
682,PPPPPPHHPPHPPPH
683,PHPPPPHHHPPPPPP
684,PPPHPPPPPPHHPPH
685,HPPPHPPPPPHPPPH
686,HHPPPPPHHPPPPPP
687,PPPHHPHHPPPPPPP
688,PPHPPHPPPPPHPPH
689,PPPPPPPPHPHPPHH
690,PPHPHPPHPPPHPPP
691,PPPPPPPPPHHPHPH
692,PPPHPPPPPPPHHPH
693,PPHHPPPHPPPPHPP
694,PPPPPHPHPPHPPHP
695,PHPPHPPPPPHPHPP
696,HHPHPPPPPPPPHPP
697,PPPPPHPPPHHPPPH
698,PPPPHPPPHPPPHPH
699,PPPHHPPPPHHPPPP
700,PPPPPHPHPHPPHPP
701,PHHHPPPPPPHPPPP
702,PPHHPPPPHPPPPHP
703,PHPHHPPPPPPPPPH
704,PHHPHPPHPPPPPPP
705,HPPHPPPHPPHPPPP
706,PPPHHPPHPPPPHPP
707,PPHPPHHPPPPPPHP
708,PPPPHPPPHPPPPHH
709,HPPHPPHPHPPPPPP
710,HPPPPHPHPHPPPPP
711,PPPHHPPPHPPPPHP
712,PPPPHPPPHHHPPPP
713,PPPPHHHPPPHPPPP
714,PPPPPPPPPHPHHPH
715,PPPHPPPHHPPPPPH
716,HHPPPPPHPHPPPPP
717,PPHHPPPPPPPPHHP
718,PPPHPPPHHPHPPPP
719,HHPPPPHPPPHPPPP
720,PPHPPPHPPPPPHPH
721,PPPHPHHHPPPPPPP
722,PPHPHPPHPHPPPPP
723,HPPHPHPHPPPPPPP
724,PPPPHHPPHPPPPPH
725,PPPPPHHPHPPPPHP
726,PPPPHPHPPPHHPPP
727,PPHPPPHPHPHPPPP
728,PHPPPPPPPHPHPHP
729,PPPPHHPHPPPPHPP
730,PPHPPHPPPPPPHHP
731,PHPHHPPPPPPPHPP
732,HPPHPPPHPPPPHPP
733,HPPPPPHHHPPPPPP
734,PPHPHPPPPPPPHPH
735,HPPPPHPPPPPHPHP
736,PPPPPPPPPHPHPHH
737,PPPPPPPPHPPHHPH
738,PHPHPPPPPPPPHPH
739,PPPPPHHHPPPHPPP
740,PHHPPPPHPPPPPPH
741,PHPHPPPPPPHPHPP
742,PPPPPPPPHPHHHPP
743,PPPPPPPHPHPHPHP
744,PHPHPHPPHPPPPPP
745,HPPPHHPPPPHPPPP
746,HPHPHPHPPPPPPPP
747,PPPPPPPPHPHPHHP
748,PPPPPPHPPPPHPHH
749,PPHHPPHPPHPPPPP
750,PPHHPPPPPHHPPPP
751,PPPPHHPPHPHPPPP
752,PPPPHPHPPPPHPHP
753,PHHPPPPHPPPPPHP
754,HHPHPPPPPPHPPPP
755,HPPPHPPPPPPHPHP
756,PPPPPPPPPPPHHHH
757,PPPPPPPPHPPPHHH
758,PPHPPPPPPPPHHPH
759,PPHPHPPPPPPHPPH
760,PPPPPHPHPHPPPHP
761,HPHHPPPPPPHPPPP
762,HHPHPPPPPHPPPPP
763,PPPPHPHHPPPPPHP
764,PHPPPPPPPHHPHPP
765,HHPPPPHHPPPPPPP
766,PHPPPPPPHPPHPPH
767,PHPPHPHPPPPPPHP
768,HPHPPPHHPPPPPPP
769,PPPHPPHHPPPHPPP
770,PHPPPPHPHPPPHPP
771,HPPPPHPPPPPPHHP
772,PHPPPPHPPPPPHPH
773,PPHPPHPPPHPPPHP
774,HPPPHHPPPPPPHPP
775,PPPPHPPPHPHPPHP
776,PPPPPHPPPHPHHPP
777,PHPPPPPPHPHPPPH
778,PPPPPPPHPPPHHHP
779,PHPPPHPPPPPHHPP
780,HPHPHPPPHPPPPPP
781,PPPHHPHPPPHPPPP
782,PPPPPHHPPHHPPPP
783,HHPPHPPPHPPPPPP
784,PHPHPHHPPPPPPPP
785,PPPHHPPPPHPHPPP
786,PPPPPPHPHHPPPPH
787,PPHPPPPPHHPPPHP
788,HPPPHPHPHPPPPPP
789,PHPPHPPPPPPHPPH
790,PPPPPPHPHPHPHPP
791,HPPPPPHPPHPHPPP
792,PPPPPPHHPPPPHHP
793,PPPPPHPPHPHPPHP
794,PPPHHHPPPHPPPPP
795,PPPPPPPHHPPHHPP
796,HPPHPPPPHPPPPPH
797,PPPPPHPHPPHPHPP
798,PPPHHPPPPPPPHPH
799,PPPHPHPPPHPHPPP
800,PPPPHPPPPPHHPHP
801,HPPPPPHPHHPPPPP
802,HPPPHHPPHPPPPPP
803,PPPHHPPHPPPPPHP
804,HPPPHPPPPHPPHPP
805,PPPPHPPPPHPPHPH
806,HPPPPPPPPPPHPHH
807,PPHHPPHPPPPPPPH
808,HPPPHPPPPPPHPPH
809,PPPPPPHHHPPHPPP
810,PPPPPHHPPPPHPHP
811,PHHHPPPPHPPPPPP
812,PPPHPHPPPPHPPPH
813,HPHPHHPPPPPPPPP
814,HPPPPHPHHPPPPPP
815,PPHPPHHPPPHPPPP
816,PHHPPPPPPPHPHPP
817,PHPPPPPHHPPPHPP
818,PPPPPPHPHPHHPPP
819,PPPHPPHPPPPPPHH
820,HPPHPHPPPPPHPPP
821,HPPHPHPPPPPPHPP
822,HPPPPHPPPPPHPPH
823,PHHPHPPPPPPPHPP
824,PHPPPHPPHPPHPPP
825,PPPPHHPPHPPPHPP
826,HPPPPPPPPHPPHHP
827,PPPHPHPPHPPPPHP
828,PHPPPPPHPHPPPHP
829,PPPHHHPPPPPPHPP
830,PPPHPHHPPPHPPPP
831,PPPHPPPPPPPPHHH
832,PPHPPPPHPHPHPPP
833,PHPPPHHPHPPPPPP
834,HPPPPPPPPHHHPPP
835,PPPPHPPPPPHPHPH
836,PHPHPPPHHPPPPPP
837,HHPPPPPPPHPPHPP
838,HPPHPPPPPPPHPHP
839,PHPPHPPPPPPPHHP
840,PHPPHPPHPPPPPHP
841,PPPPPPPPPHHPPHH
842,HPPHPPHHPPPPPPP
843,HPPHHPHPPPPPPPP
844,HHPPPPPPHPPHPPP
845,HPHHPPPPPPPPPHP
846,PHPPPHPPHPHPPPP
847,HPPPPPPPHPHPHPP
848,HHPPPHPPPPHPPPP
849,PPPPPPPPHHPHHPP
850,PPPHPPPPHPPHPPH
851,PPHPPHHPPPPPHPP
852,PHHPHPPPPPPHPPP
853,PPHPHPHPPHPPPPP
854,HPPPPHPPHPPHPPP
855,PPPHPPHPPHPHPPP
856,PHPHPPPHPPPPPHP
857,PPPHPPPHPPHHPPP
858,PPHPHPPPPPHPPPH
859,PPPPPPPPPHHHPHP
860,PPHHPPPHPPHPPPP
861,PPPPHHPPPPHPPPH
862,PPPHPPHPPPHHPPP
863,PHHPHPPPHPPPPPP
864,PHPPPPPHPPPPHPH
865,PPPPHPPHHPHPPPP
866,HPPPPPPPPHPHHPP
867,PPPPPPPHPHPPHPH
868,PPPPPPPHPHHPPPH
869,HPPPPPPHPPHPHPP
870,PPPPHPPPHPHHPPP
871,PPPPHPHPPPHPPHP
872,HPPPPHPPPHHPPPP
873,PPHPPPHPHHPPPPP
874,HPPPPPPPPPHHPHP
875,PPHHPPPPHPPHPPP
876,HPHHPPPPPHPPPPP
877,PPHHHPHPPPPPPPP
878,HPPPPPHPPHHPPPP
879,PPPHPPHPPPPPHHP
880,PHPPPHPHPPPHPPP
881,PPPPPPHPPPHPPHH
882,PPPPHHHPPPPPPHP
883,PHHHPPPPPHPPPPP
884,PPPHPPPHPHPPPPH
885,HHPPPPHPPPPPPHP
886,PPPHPPPHPPPPHHP
887,HPPPHPPPPPHPPHP
888,PPPPPPHHPPHPPHP
889,PPPPPPHPPPHHPPH
890,HHPPPHHPPPPPPPP
891,HPPPHPPPHPPPHPP
892,PHHPPPHHPPPPPPP
893,HPPHPPPPHPPPPHP
894,PPHPPPPPPPPHPHH
895,PPPHPPHHHPPPPPP
896,HHPPPHPPPPPPPHP
897,PHPHPHPPPPPHPPP
898,PPHPHPHPPPPPPHP
899,PPPPHPHHHPPPPPP
900,PPPPHHPPHPPPPHP
901,PHPPPPHPHPPPPPH
902,HPPPPPHHPPPPPHP
903,PPPHPHPPPPHPHPP
904,PPHPPPPPHHPHPPP
905,HPPHPHPPHPPPPPP
906,PPPPHPHPHPPPPHP
907,PPHPPHPPHPPPPHP
908,HPPPPPPPPPHHHPP
909,PPHHPPPPHPPPHPP
910,PPPPPHPHPPPPPHH
911,HPPPPPHHPPPHPPP
912,PPHPPHPHPHPPPPP
913,PPPHPPHPPHPPPPH
914,HPHPPPPPPPHPPPH
915,PPHPHHPPPPPPHPP
916,HPPPPPHPPHPPPPH
917,HHHPPPHPPPPPPPP
918,PPHPPPPPHHPPHPP
919,PPPHPHPPPPHPPHP
920,HPPPHPPPHPHPPPP
921,PPPHPHPHPPPPHPP
922,PHPHPPHPPPPHPPP
923,PPPHPPPPPHPHHPP
924,HHPPHHPPPPPPPPP
925,HPHPPPPPPPPPPHH
926,PPPHHPPHPHPPPPP
927,PHHPPPHPPHPPPPP
928,HPPPPPPPPPPHHPH
929,PPHPPHPPHPPHPPP
930,PPHPPHPPHPPPHPP
931,PHHPPPPHHPPPPPP
932,PPPPPPHHPPPPPHH
933,PPPHHPPHPPHPPPP
934,HPPPPHHPPPPHPPP
935,PPPHHPPPPHPPPPH
936,PPHPPPHPPHPPPPH
937,PPPHPPHPHPHPPPP
938,PHPPPPHPHPHPPPP
939,PPHHPPPHPPPPPHP
940,HPPPPPHPPPPHHPP
941,PHPPHPHPHPPPPPP
942,PPPPPPPHHPPHPPH
943,PPPPPHPHPPPPHPH
944,PPHPHPPPPHPPHPP
945,PPPPPHPPPHHPPHP
946,PPHPPPPHPPHPPHP
947,PPHHPPPPPHPHPPP
948,HHPPPPHPHPPPPPP
949,PHPPPPHPPPPHHPP
950,HPPPPPHHPPHPPPP
951,PPHPPPHHPPPHPPP
952,PHPPPPPPPHPPHPH
953,PHHPPPHPPPHPPPP
954,PPHPPPHPHPPPHPP
955,PPPPHPPHPPPPPHH
956,HPPPPPPPHPPPPHH
957,PHPPPPPPPPHPPHH
958,PPPPHPHPPHPHPPP
959,HPPPPPPHPPPPPHH
960,PHPHPPPPHPHPPPP
961,HHPHPPPPPPPPPHP
962,PPPHHPPPPHPPPHP
963,PHPPPHPPPHPHPPP
964,HPPPPPHHPHPPPPP
965,PPPPPPHPHPPPHHP
966,PHPPPPPPPPHHPPH
967,HHPPPPPPHHPPPPP
968,PHPHPPHHPPPPPPP
969,PHPPPPHPHHPPPPP
970,PPPPHPPPPHHPHPP
971,PPPPPPPHHPHPHPP
972,PPPPPPHHPPPPHPH
973,HPHPPPHPHPPPPPP
974,PPPPPPHHHPHPPPP
975,PHPPPHHPPPPPHPP
976,HPPPPPPHPPHPPHP
977,HPHPPHPPPPPPPPH
978,PPPHPPPPPHPHPPH
979,PPPHHPPPPPPHPHP
980,PPPPHPPHHPPHPPP
981,PPPHPHPHPHPPPPP
982,PHPPPHPPPPHPPPH
983,PHPHPPPPPPPHPHP
984,HPHPPPPPPPPHPPH
985,PPPPPPHPPHPPHPH
986,PPHPPPHHPPPPPPH
987,PPHHPPPPPHPPPHP
988,HPPPPHPPHPPPHPP
989,PPHPPPPHPPHPPPH
990,PPPPHPPPPHPPHHP
991,PPHHPPPHPHPPPPP
992,PPPPPHHPPHPPPPH
993,PPPHPPPHPPHPPPH
994,PPHPPPPHPPPPPHH
995,PHPPPHPHPPPPPHP
996,HPPPPPHPPPPHPHP
997,PPPHPHPPHPPHPPP
998,HPHPPHPPPHPPPPP
999,HPPHHPPPPPPPHPP
1000,PPPPPHPPPHPHPHP
1001,HPPHPPPPPPPHPPH
1002,PPPPHPPPPPHPHHP
1003,HPHHPPPPPPPHPPP
1004,PHPPPPPHPPPPPHH
1005,PPPPPHPHPPPHPPH
1006,HPPPPPHPPPHPPPH
1007,PHHHPPHPPPPPPPP
1008,PPPHPHPPPHPPPHP
1009,HHHPPHPPPPPPPPP
1010,PPPHPHHPPPPPHPP
1011,PHPHPHPPPHPPPPP
1012,PHPPHPPPPPPPPHH
1013,PHPHPPPHPPPPHPP
1014,PPHHPPPPHPHPPPP
1015,PHPPPHHPPPPPPHP
1016,PPHPPPHPPPHPPPH
1017,PHPPHPPPPPHPPHP
1018,HPPPPPPHPPPHPHP
1019,PPHHPPPPHHPPPPP
1020,PPPPPHHPPHPPPHP
1021,HHPPPPPPPPPPHPH
1022,PPPPPPPPPHHPHHP
1023,PPHPHPPPHPPPPHP
1024,HPHHHPPPPPPPPPP
1025,PHPPHPPHPPPPPPH
1026,PHPPPPHPPPPHPHP
1027,PHHPHPPPPPHPPPP
1028,PPPPPPPHPPHPHPH
1029,PPPPPHPHPPHHPPP
1030,PHPHPPPHPPHPPPP
1031,PPPPPPPPPPHHPHH
1032,PHPPPHPHPHPPPPP
1033,PHPPPPPPPPPHHPH
1034,PPPPPPPHHPPPHPH
1035,PPHPPPHPPHPPHPP
1036,PHPPPPHPPHHPPPP
1037,PPHPPHPHPPPPPPH
1038,PPPPPHHHPPPPPPH
1039,PHPPPHPPPPHHPPP
1040,PPPPPPHPPPPPHHH
1041,HPHPPHPHPPPPPPP
1042,PPPHPPHHPPHPPPP
1043,HPHPPPPHPHPPPPP
1044,PPHPPPPPHPPPHHP
1045,PPPPHPPPPPPHHPH
1046,PPHPHPPPHHPPPPP
1047,HPHPPPPPPHPPHPP
1048,PHPPPPPPPPHHPHP
1049,PPHPPHPHPPHPPPP
1050,PPHHPHPPPPHPPPP
1051,HPHPPPPPHPPPPPH
1052,PPPPHHPPPPPPHPH
1053,PHPPHPPPPPPHPHP
1054,PHPPPPPPPPHHHPP
1055,PPPPPHPHHPPPPHP
